609434846329546365807810207413781666205827060 7848621478140615115226348260331128640336266447
8211165239462549211092282553951004689014711677 27477180335255042919990360551245415732292670468
5761308814823630519660242673761707338827149546 8819687089457368729762033421605683863464247773
6387604571175412195092189528167607424648593802 22619712553457271916591305496829112859619731062
22968448426979579483967777828154160213742402863 16692634786676605821302168285461283010615516522
23937911808530852022678194098133848164030584013 18664160425339526750638505966179213887072449083
32961166920251496670500715217088765836042525335 11092748036407966578946245589970007542644255261
33147600951838224065039561082039262063089328667 26491680214790145876969309947264457969009741980
9980818430784361974602358404911156531327211065 15184612980960168346870308278408532842115333017
18891299533962908625209434559271181421307549740 29078783976467832053705821597523356259987409993
18081086733640056344110014459490871214377501586 12460016518213294821767925565580451321443770786
17967501727780871423537718942263616554273237581 2141286377072470360146915290251093214646465963
3486617789700084984478800781480147085076816705 9097674419329240696321897691243086895873227639
10263370955240894017234327006008467445932258489 16295659181314212444619937993933739039526860174
1398190019509391330076456583438796687010183175 6972869961786047555963870965281078618580153906
32318465328746860743369750690076186517643299716 6113921849946478261894517151246393607217682512
14688191677691623114253684295878251160134889811 32205417565854030367094928457991239580376344426
29812137626398869700646438005039538764618609710 4767119055110951965250590771967231506446165068
14060902305761405752453647115764144278957307515 9801269653540389529474464420762363087785499922
33274889345433552482283905477650475388584270771 21210401744406137158385789823576211323868693276
3858661647086506531864536869955766866501786606 14108450635064717282885029421854297156823591962
11957184655734640651616320276151032925587863419 11391628307295282063246298837475971695424445762
16473897260399064053405005512307555871041257134 24693542315003079012063586365533412412652818061
28493020873499189735796882684824520030701032732 25362212973824816645516055227985295104108091359
3395422463104336690258869457589185348452668881 13168200562998274648271893540016691784329145604
16746313727257387011378171114465083201834299191 20211727985771931948973204208272940545975498335
32283549216203027950335333839179621700723029195 9872659250225370967144594456864652445590014096
9545253116296452414629785422089082648098920652 25136376151365027558578405172724189374850016357
21597617756226485619471966280424427190006870575 14562478516533964069479296639993539456090562190
10219676918547747884321036727841352184652917525 2169593440918640789831512549453215287858311479
2850464528933508384835643632238003701018943791 26491304023605174372877025857164436883046534538
26198170581770962233152313606402906936914316857 8877602847422662532497534951492476707621487160
20515022920389523463007033941123588980682476888 22930751814852653280337323593182198349351020446
2511189773728717072214160780397592637855777647 5647712710358485420150152437021583957527759662
30254782973326369890321918711629581541306697013 2358978824873131150498930032485551513196278120
13029564922593372028824995322433500796650160529 26058633489960444637446401979540098924831320123
23016347749449562575354339792517851174882261239 1364616994559085611601117527352676578898463272
19310576993627718724342358145853108704697147201 31155277568133796196720810234281542364807488323
14501885855792179062904330467038035021868738932 8118946349425102875679560625880371360709955700
17449700992004669405863422335926073768006351081 19709345254941408947458616346611760264892987484
25827372958285862073431869743247234871901734862 18352420829289267768984527340439017387863333755
13780931105487908696184615730154834210106071861 7671168402851385116067020382855401542621744277
5700459032268476446251460943471222880162010725 18701435381446167919457452981389101697399446625
4048661696868138821139357038313437585312381990 29062619813469108327265367191987499798359172433
20752832757177143878766296136037852728960087252 10423438229155362697778871511801085972601522396
24552436827791130390300395734927274229347914552 11358329610318285335642837789732903676892924688
12743464433167324255750030628034144831885042620 11963655620440692023040447640571481644697634106
27150319573872646998985360823010083542519380964 7842981307083094187896077710461403302626403088
26033708742103096547587110121561090130908843396 4121314689391854014002166943996684942900555699
21981454707129404003149226737030547726171075783 19410864171464213196553533959480256209657829516
10603482258086163075856367271131488347731124993 16461644183710382585620606873037873882570522554
22209218640435470263892286139871824183442815244 9757507907213290145034742417690752709425621997
17371669521257468263535422001898649363574033972 15062251917269841900322737138107212659689361517
5130845355058030079606587472146832899997062905 2065925505276368744574139907673484663201019560
8599088504823223006250993650183864299121122414 20874242679425304998962054150556525628501570785
21660833780515327302010723003384337037823698596 5186141926322149989480562389355324101892340252
9804616734221058185163619285581836936506241588 31413430307646557285013778869222161302542246877
33054078531740505541584491391972680024446661607 22756664667613307160032674570330209654255450360
22141698636013443215899078117502872048255125771 18289101178129355294276811150539638927852662287
4586619626335483488092252866870460608113000753 20082060217134789274057794769052507100010065057
32055328617422545640656592008463258996029274777 19400011319983634385318251089385924351403768256
16358439876485070506816781415597408119327234924 25054689474024071111434460282848587145520594712
4715201347608181304748737983037905721106597854 26002095704064096004230388021102983326147162097
4149705538300314951035925233697697459820124591 16768483915460499470493125453454581755513180949
12625676631519490761669364564255950756957762536 1223895406146699919342578762817447190925386279
26025029951329180394123398153578262154090876297 32937932514250497571907167493881323368199451119
13701574508361783529145406551403726606326364646 6843719971594322350723033690751746219556744397
14239171432730493411383130206602657996852363614 25824794575611270849472277445119317023616905658
7100673285430769834492113373856480406053758546 25875822656282549274322351303035703805577536130
1527733436286114350942721804592708097991738348 12146633747864160490807492986196317716623986767
18938813808781715066460399384681918833676183352 3492682585323481123111747875440692426856608190
3424035979747632688555182744861883412586635201 20801505581101064281625646922242633013208514683
27705484247205169833445291666010907763031722967 22174769316986981092513512625459520090152981538
15061694454315700857730771521804921965547725616 26174146450976104141804050301257079270447757150
17960236847053331641637164984714896111672191870 26646657067296798930088065192713456996777953016
